0.451803534	0.302461904
0.45906016	0.239155693
0.428565478	0.286293066
0.484390356	0.268000237
0.488491002	0.314003412
0.488252935	0.295180764
0.426173487	0.294408264
0.492329306	0.306976086
0.465817792	0.236815836
0.479601991	0.302755294
0.498328431	0.259982366
0.428879358	0.285437093
0.480521853	0.283229734
0.422225084	0.253188922
0.474352059	0.312582487
0.468331048	0.269983211
0.415430899	0.240166046
0.431579646	0.309828152
0.431841213	0.273097853
0.426375192	0.264188815
0.430280676	0.258974398
0.418083628	0.26290209
0.476409304	0.274179268
0.474378543	0.30308207
0.448289188	0.290113523
0.479927323	0.305496778
0.443667276	0.25751259
0.491140915	0.250601252
0.430957469	0.258439668
0.450132366	0.238817175
0.469207993	0.278784478
0.456456293	0.246370062
0.443559461	0.281883071
0.416881386	0.286854077
0.443661289	0.309954012
0.431058976	0.256852614
0.42768209	0.309012867
0.494260941	0.262061101
0.448839672	0.291478582
0.444572133	0.242145688
0.488509074	0.259188589
0.467201239	0.307362578
0.467620723	0.307873639
0.427279692	0.24582162
0.434253957	0.27144964
0.483541307	0.261172793
0.454594272	0.279791283
0.430344315	0.259173921
0.47487611	0.277751273
0.497425345	0.271445455
0.491868209	0.307701766
0.460322173	0.297275116
0.473664296	0.30193814
0.479069284	0.252888118
0.46950412	0.231801195
0.485698622	0.282981915
0.43200196	0.756130736
0.42172922	0.713191324
0.452818298	0.724777788
0.449919764	0.776587903
0.441705094	0.715655249
0.466569168	0.711653662
0.462045861	0.7250077
0.446457485	0.771982154
0.453782041	0.778499459
0.467412162	0.711923425
0.461383844	0.751340708
0.457100481	0.772484002
0.467377801	0.761928339
0.435092885	0.766484237
0.467440672	0.751524651
0.476536075	0.70988283
0.481820589	0.71669508
0.453576386	0.706675272
0.461794758	0.717490516
0.441518145	0.780485495
0.449480589	0.753068153
0.473798744	0.726952572
0.416167906	0.720108891
0.446309517	0.726633188
0.424018813	0.771602412
0.471632157	0.752886649
0.430085083	0.763678136
0.425664565	0.755638913
0.44341926	0.709581279
0.421476987	0.744052234
0.473376083	0.74201009
0.413305952	0.734435384
0.456574902	0.771580836
0.424097239	0.708475947
0.470809552	0.724304655
0.467743894	0.773831184
0.476092492	0.774179677
0.438831118	0.705380449
0.477158087	0.712363219
0.458385645	0.753760349
0.418053015	0.730560074
0.464981775	0.779522813
0.444784006	0.73851753
0.44934692	0.719283084
0.42530489	0.769700802
0.464956914	0.75508358
0.439951163	0.774993402
0.412596339	0.711034963
0.45965896	0.720640102
0.420826071	0.74870242
0.425119342	0.751934402
0.443426348	0.734928329
0.415681373	0.771206865
0.430964405	0.762403358
0.424939739	0.773249285
0.427948408	0.710683284
0.467188543	0.74568475
0.4707659	0.735321816
0.41848291	0.725021217
0.420866587	0.733244119
0.45985657	0.711712117
0.445528291	0.779657349
0.443707495	0.779543611
0.46937076	0.757485524
0.464954016	0.771546164
0.472241242	0.757769428
0.475062552	0.772934241
0.411354561	0.762994742
0.443987318	0.717102903
0.440623205	0.71201169
0.451263937	0.719079188
0.411453829	0.773613284
0.418066408	0.733086909
0.414574325	0.754317089
0.435192792	0.773725404
0.460368725	0.756595743
0.483929465	0.706149885
0.432777992	0.709597321
0.420828872	0.729482013
0.452489469	0.778935973
0.422858447	0.73334346
0.421612791	0.741725271
0.431144559	0.281085447
0.471293896	0.285883734
0.488406194	0.279280163
0.444111949	0.268474573
0.436739196	0.274647155
0.472025435	0.251523541
0.446221327	0.301411721
0.433931807	0.254660335
0.443314086	0.280748388
0.478829779	0.278248482
0.442424873	0.29971685
0.496243847	0.25645947
0.436849853	0.237010366
0.483600977	0.295733326
0.460271205	0.290522263
0.450103986	0.250870555
0.456826229	0.238148689
0.453557788	0.263969802
0.473011944	0.294725154
0.443743739	0.284288813
0.4663623	0.254693172
0.482632277	0.24901358
0.446753472	0.252996299
0.42853427	0.307976633
0.471907021	0.298862825
0.456342742	0.282699187
0.452549709	0.264771587
0.428545884	0.287991395
0.440570589	0.251165785
0.460325469	0.313909876
0.422982619	0.246071918
0.486650708	0.280290999
0.421814078	0.264709689
0.443332452	0.295190175
0.432801055	0.291547405
0.476870865	0.309400365
0.477972505	0.312360498
0.416492917	0.234527044
0.496798812	0.309334721
0.471757422	0.269532371
0.498387113	0.258301732
0.465124678	0.238436841
0.459790906	0.300247392
0.484512532	0.28169524
0.778684433	0.487949626
0.747954329	0.525408993
0.753989038	0.572655352
0.747310359	0.605046624
0.720275423	0.628016578
0.71345254	0.650262657
0.68356285	0.709038821
0.665315321	0.737610218
0.625820723	0.737530724
0.619483467	0.782010589
0.589248228	0.781197921
0.542663797	0.798779626
0.494449758	0.814105267
0.490496383	0.816561931
0.438311516	0.828503539
0.377415204	0.810530786
0.366410835	0.814139202
0.310552495	0.799936208
0.290861118	0.785072134
0.263257996	0.752715918
0.214129555	0.741164845
0.208682791	0.719031185
0.180275796	0.675679884
0.159101597	0.642730479
0.146075403	0.632039674
0.123078217	0.580892443
0.117331881	0.535790989
0.105673289	0.510079696
0.132055477	0.466216375
0.121527594	0.442042297
0.132210214	0.4075834
0.137097267	0.353727525
0.157801203	0.348410094
0.166843983	0.308993374
0.215227563	0.274153745
0.231094685	0.246019631
0.261400995	0.230441706
0.316185795	0.200880348
0.333126785	0.203314784
0.353190729	0.18170338
0.392616319	0.186459947
0.441874712	0.166046767
0.481930263	0.17484211
0.516844589	0.162954409
0.541639648	0.184549152
0.576600546	0.195203667
0.609226282	0.217439228
0.650944951	0.241402539
0.672342144	0.27995843
0.672477538	0.288455004
0.708094537	0.3245008
0.743119353	0.349812172
0.755730612	0.374536184
0.751008123	0.416760531
0.750195602	0.46194339
0.761369606	0.492677801